[
    {
        "main/roi_cls_loss": 438117907.917788, 
        "main/rpn_cls_loss": 0.46641547844628806, 
        "iteration": 20, 
        "elapsed_time": 777.1379978656769, 
        "epoch": 0, 
        "lr": 0.001, 
        "main/rpn_loc_loss": 182833782.15275556, 
        "main/roi_loc_loss": 1525652.0901897172, 
        "main/loss": 622477361.2271508
    }
]